255 255 255 255 255 255 255 255 255 255 255 255 255 255 255 255
255 255 255 255 255 255 255 255 255 255 255 255 255 255 255 255
255 255   0   0   0   0   0   0   0   0   0   0   0   0 255 255
255 255   0 255 255 255 255 255 255 255 255 255 255   0 255 255
255 255   0 255   0   0   0 183   0   0   0   0 255   0 255 255
255 255   0 255   0   0   0 183 255   0   0   0 255   0 255 255
255 255   0 255   0   0   0 183 255   0   0   0 255   0 255 255
255 255   0 255   0  73 183 131   0 183   0 183 255   0 255 255
255 255   0 255   0 255 255 183 255   0   0   0 255   0 255 255
255 255   0 255   0   0   0 183 255 255   0 255 255   0 255 255
255 255   0 255   0   0   0 255   0 255   0   0 255   0 255 255
255 255   0 255   0   0   0   0 255   0 255   0 255   0 255 255
255 255   0 255 255 255 255 255 255 255 255 255 255   0 255 255
255 255   0   0   0   0   0   0   0   0   0   0   0   0 255 255
255 255 255 255 255 255 255 255 255 255 255 255 255 255 255 255
255 255 255 255 255 255 255 255 255 255 255 255 255 255 255 255
255 255 255 255 255 255 255 255 255 255 255 255 255 255 255 255
255 255 255 255 255 255 255 255 255 255 255 255 255 255 255 255
255 255   0   0   0   0   0   0   0   0   0   0   0   0 255 255
255 255   0 255 255 255 255 255 255 255 255 255 255   0 255 255
255 255   0 255   0   0   0 183   0   0   0   0 255   0 255 255
255 255   0 255   0   0   0 183 255   0   0   0 255   0 255 255
255 255   0 255   0   0   0 183 255   0   0   0 255   0 255 255
255 255   0 255   0  73 183 131   0 183   0 183 255   0 255 255
255 255   0 255   0 255 255 183 255   0   0   0 255   0 255 255
255 255   0 255   0   0   0 183 255 255   0 255 255   0 255 255
255 255   0 255   0   0   0 255   0 255   0   0 255   0 255 255
255 255   0 255   0   0   0   0 255   0 255   0 255   0 255 255
255 255   0 255 255 255 255 255 255 255 255 255 255   0 255 255
255 255   0   0   0   0   0   0   0   0   0   0   0   0 255 255
255 255 255 255 255 255 255 255 255 255 255 255 255 255 255 255
255 255 255 255 255 255 255 255 255 255 255 255 255 255 255 255
255 255 255 255 255 255 255 255 255 255 255 255 255 255 255 255
255 255 255 255 255 255 255 255 255 255 255 255 255 255 255 255
255 255   0   0   0   0   0   0   0   0   0   0   0   0 255 255
255 255   0 255 255 255 255 255 255 255 255 255 255   0 255 255
255 255   0 255   0   0   0 183   0   0   0   0 255   0 255 255
255 255   0 255   0   0   0 183 255   0   0   0 255   0 255 255
255 255   0 255   0   0   0 183 255   0   0   0 255   0 255 255
255 255   0 255   0  73 183 131   0 183   0 183 255   0 255 255
255 255   0 255   0 255 255 183 255   0   0   0 255   0 255 255
255 255   0 255   0   0   0 183 255 255   0 255 255   0 255 255
255 255   0 255   0   0   0 255   0 255   0   0 255   0 255 255
255 255   0 255   0   0   0   0 255   0 255   0 255   0 255 255
255 255   0 255 255 255 255 255 255 255 255 255 255   0 255 255
255 255   0   0   0   0   0   0   0   0   0   0   0   0 255 255
255 255 255 255 255 255 255 255 255 255 255 255 255 255 255 255
255 255 255 255 255 255 255 255 255 255 255 255 255 255 255 255

255 255 255 255 255 255 255 255 255 255 255 255 255 255 255 255
255 255 255 255 255 255 255 255 255 255 255 255 255 255 255 255
255 255   0   0   0   0   0   0   0   0   0   0   0   0 255 255
255 255   0 255 255 255 255 255 255 255 255 255 255   0 255 255
255 255   0 255   0   0   0 183   0 255   0   0 255   0 255 255
255 255   0 255   0   0   0   0   0   0   0 255 255   0 255 255
255 255   0 255   0   0   0 183   0 255 255   0 255   0 255 255
255 255   0 255   0 255 255   0 255 255   0 255 255   0 255 255
255 255   0 255 183 183 183 131 183 183 255   0 255   0 255 255
255 255   0 255   0   0   0 183 255   0   0   0 255   0 255 255
255 255   0 255   0   0   0  73 255   0   0   0 255   0 255 255
255 255   0 255   0   0   0   0   0   0   0   0 255   0 255 255
255 255   0 255 255 255 255 255 255 255 255 255 255   0 255 255
255 255   0   0   0   0   0   0   0   0   0   0   0   0 255 255
255 255 255 255 255 255 255 255 255 255 255 255 255 255 255 255
255 255 255 255 255 255 255 255 255 255 255 255 255 255 255 255
255 255 255 255 255 255 255 255 255 255 255 255 255 255 255 255
255 255 255 255 255 255 255 255 255 255 255 255 255 255 255 255
255 255   0   0   0   0   0   0   0   0   0   0   0   0 255 255
255 255   0 255 255 255 255 255 255 255 255 255 255   0 255 255
255 255   0 255   0   0   0 183   0 255   0   0 255   0 255 255
255 255   0 255   0   0   0   0   0   0   0 255 255   0 255 255
255 255   0 255   0   0   0 183   0 255 255   0 255   0 255 255
255 255   0 255   0 255 255   0 255 255   0 255 255   0 255 255
255 255   0 255 183 183 183 131 183 183 255   0 255   0 255 255
255 255   0 255   0   0   0 183 255   0   0   0 255   0 255 255
255 255   0 255   0   0   0  73 255   0   0   0 255   0 255 255
255 255   0 255   0   0   0   0   0   0   0   0 255   0 255 255
255 255   0 255 255 255 255 255 255 255 255 255 255   0 255 255
255 255   0   0   0   0   0   0   0   0   0   0   0   0 255 255
255 255 255 255 255 255 255 255 255 255 255 255 255 255 255 255
255 255 255 255 255 255 255 255 255 255 255 255 255 255 255 255
255 255 255 255 255 255 255 255 255 255 255 255 255 255 255 255
255 255 255 255 255 255 255 255 255 255 255 255 255 255 255 255
255 255   0   0   0   0   0   0   0   0   0   0   0   0 255 255
255 255   0 255 255 255 255 255 255 255 255 255 255   0 255 255
255 255   0 255   0   0   0 183   0 255   0   0 255   0 255 255
255 255   0 255   0   0   0   0   0   0   0 255 255   0 255 255
255 255   0 255   0   0   0 183   0 255 255   0 255   0 255 255
255 255   0 255   0 255 255   0 255 255   0 255 255   0 255 255
255 255   0 255 183 183 183 131 183 183 255   0 255   0 255 255
255 255   0 255   0   0   0 183 255   0   0   0 255   0 255 255
255 255   0 255   0   0   0  73 255   0   0   0 255   0 255 255
255 255   0 255   0   0   0   0   0   0   0   0 255   0 255 255
255 255   0 255 255 255 255 255 255 255 255 255 255   0 255 255
255 255   0   0   0   0   0   0   0   0   0   0   0   0 255 255
255 255 255 255 255 255 255 255 255 255 255 255 255 255 255 255
255 255 255 255 255 255 255 255 255 255 255 255 255 255 255 255

255 255 255 255 255 255 255 255 255 255 255 255 255 255 255 255
255 214 153 153 153 153 153 153 153 153 153 153 153 153 214 255
255 153   3  31  31  31  31  31  31  31  31  31  31   3 153 255
255 153  31 255 255 255 255 255 255 255 255 255 255  31 153 255
255 153  31 255 152 160 129 186 174 149 158 157 255  31 153 255
255 153  31 255 129  86 108  93 199 136   7 163 255  31 153 255
255 153  31 255 130 160 149 122 165 149 149 158 255  31 153 255
255 153  31 255 121 140  82 161 144  71 138 174 255  31 153 255
255 153  31 255 206 118 107 103  96 142 128 146 255  31 153 255
255 153  31 255 149 136 149  89  93 144 137 154 255  31 153 255
255 153  31 255 158   7 149 147 134 137  14 163 255  31 153 255
255 153  31 255 157 163 158 188 191 154 163 162 255  31 153 255
255 153  31 255 255 255 255 255 255 255 255 255 255  31 153 255
255 153   3  31  31  31  31  31  31  31  31  31  31   3 153 255
255 214 153 153 153 153 153 153 153 153 153 153 153 153 214 255
255 255 255 255 255 255 255 255 255 255 255 255 255 255 255 255
255 255 255 255 255 255 255 255 255 255 255 255 255 255 255 255
255 214 153 153 153 153 153 153 153 153 153 153 153 153 214 255
255 153   3  31  31  31  31  31  31  31  31  31  31   3 153 255
255 153  31 255 255 255 255 255 255 255 255 255 255  31 153 255
255 153  31 255 152 160 129 186 174 149 158 157 255  31 153 255
255 153  31 255 129  86 108  93 199 136   7 163 255  31 153 255
255 153  31 255 130 160 149 122 165 149 149 158 255  31 153 255
255 153  31 255 121 140  82 161 144  71 138 174 255  31 153 255
255 153  31 255 206 118 107 103  96 142 128 146 255  31 153 255
255 153  31 255 149 136 149  89  93 144 137 154 255  31 153 255
255 153  31 255 158   7 149 147 134 137  14 163 255  31 153 255
255 153  31 255 157 163 158 188 191 154 163 162 255  31 153 255
255 153  31 255 255 255 255 255 255 255 255 255 255  31 153 255
255 153   3  31  31  31  31  31  31  31  31  31  31   3 153 255
255 214 153 153 153 153 153 153 153 153 153 153 153 153 214 255
255 255 255 255 255 255 255 255 255 255 255 255 255 255 255 255
255 255 255 255 255 255 255 255 255 255 255 255 255 255 255 255
255 214 153 153 153 153 153 153 153 153 153 153 153 153 214 255
255 153   3  31  31  31  31  31  31  31  31  31  31   3 153 255
255 153  31 255 255 255 255 255 255 255 255 255 255  31 153 255
255 153  31 255 152 160 129 186 174 149 158 157 255  31 153 255
255 153  31 255 129  86 108  93 199 136   7 163 255  31 153 255
255 153  31 255 130 160 149 122 165 149 149 158 255  31 153 255
255 153  31 255 121 140  82 161 144  71 138 174 255  31 153 255
255 153  31 255 206 118 107 103  96 142 128 146 255  31 153 255
255 153  31 255 149 136 149  89  93 144 137 154 255  31 153 255
255 153  31 255 158   7 149 147 134 137  14 163 255  31 153 255
255 153  31 255 157 163 158 188 191 154 163 162 255  31 153 255
255 153  31 255 255 255 255 255 255 255 255 255 255  31 153 255
255 153   3  31  31  31  31  31  31  31  31  31  31   3 153 255
255 214 153 153 153 153 153 153 153 153 153 153 153 153 214 255
255 255 255 255 255 255 255 255 255 255 255 255 255 255 255 255

255 255 255 255 255 255 255 255 255 255 255 255 255 255 255 255
255 214 153 153 153 153 153 153 153 153 153 153 153 153 214 255
255 153   3  31  31  31  31  31  31  31  31  31  31   3 153 255
255 153  31 255 255 255 255 255 255 255 255 255 255  31 153 255
255 153  31 255 157 163 158 174 146 154 163 162 255  31 153 255
255 153  31 255 158   7 149 138 128 137  14 163 255  31 153 255
255 153  31 255 149 136 149  71 142 144 137 154 255  31 153 255
255 153  31 255 174 199 165 144  96  93 134 191 255  31 153 255
255 153  31 255 186  93 122 161 103  89 147 188 255  31 153 255
255 153  31 255 129 108 149  82 107 149 149 158 255  31 153 255
255 153  31 255 160  86 160 140 118 136   7 163 255  31 153 255
255 153  31 255 152 129 130 121 206 149 158 157 255  31 153 255
255 153  31 255 255 255 255 255 255 255 255 255 255  31 153 255
255 153   3  31  31  31  31  31  31  31  31  31  31   3 153 255
255 214 153 153 153 153 153 153 153 153 153 153 153 153 214 255
255 255 255 255 255 255 255 255 255 255 255 255 255 255 255 255
255 255 255 255 255 255 255 255 255 255 255 255 255 255 255 255
255 214 153 153 153 153 153 153 153 153 153 153 153 153 214 255
255 153   3  31  31  31  31  31  31  31  31  31  31   3 153 255
255 153  31 255 255 255 255 255 255 255 255 255 255  31 153 255
255 153  31 255 157 163 158 174 146 154 163 162 255  31 153 255
255 153  31 255 158   7 149 138 128 137  14 163 255  31 153 255
255 153  31 255 149 136 149  71 142 144 137 154 255  31 153 255
255 153  31 255 174 199 165 144  96  93 134 191 255  31 153 255
255 153  31 255 186  93 122 161 103  89 147 188 255  31 153 255
255 153  31 255 129 108 149  82 107 149 149 158 255  31 153 255
255 153  31 255 160  86 160 140 118 136   7 163 255  31 153 255
255 153  31 255 152 129 130 121 206 149 158 157 255  31 153 255
255 153  31 255 255 255 255 255 255 255 255 255 255  31 153 255
255 153   3  31  31  31  31  31  31  31  31  31  31   3 153 255
255 214 153 153 153 153 153 153 153 153 153 153 153 153 214 255
255 255 255 255 255 255 255 255 255 255 255 255 255 255 255 255
255 255 255 255 255 255 255 255 255 255 255 255 255 255 255 255
255 214 153 153 153 153 153 153 153 153 153 153 153 153 214 255
255 153   3  31  31  31  31  31  31  31  31  31  31   3 153 255
255 153  31 255 255 255 255 255 255 255 255 255 255  31 153 255
255 153  31 255 157 163 158 174 146 154 163 162 255  31 153 255
255 153  31 255 158   7 149 138 128 137  14 163 255  31 153 255
255 153  31 255 149 136 149  71 142 144 137 154 255  31 153 255
255 153  31 255 174 199 165 144  96  93 134 191 255  31 153 255
255 153  31 255 186  93 122 161 103  89 147 188 255  31 153 255
255 153  31 255 129 108 149  82 107 149 149 158 255  31 153 255
255 153  31 255 160  86 160 140 118 136   7 163 255  31 153 255
255 153  31 255 152 129 130 121 206 149 158 157 255  31 153 255
255 153  31 255 255 255 255 255 255 255 255 255 255  31 153 255
255 153   3  31  31  31  31  31  31  31  31  31  31   3 153 255
255 214 153 153 153 153 153 153 153 153 153 153 153 153 214 255
255 255 255 255 255 255 255 255 255 255 255 255 255 255 255 255
